Test accuracy in percent correct: 94.69
(  Convo. Layers Hidden Layers   Train   Test    Patches    Strides
 0          [10]           [5]  90.462  90.27        [5]        [1]
 1      [10, 10]           [5]  91.892  92.19     [5, 5]     [1, 1]
 2  [10, 10, 10]           [5]  93.330  93.41  [5, 5, 5]  [1, 1, 1]
 3  [10, 10, 10]            []  98.920  97.95  [5, 5, 5]  [1, 1, 1]
 4  [10, 10, 10]          [10]  95.578  95.65  [5, 5, 5]  [1, 1, 1]
 5  [10, 10, 10]      [10, 10]  94.530  94.85  [5, 5, 5]  [1, 1, 1],


            0          1          2          3          4          5  \
 0  95.612245   0.000000   0.306122   0.714286   0.000000   0.306122   
 1   0.000000  98.149780   0.352423   0.176211   0.088106   0.088106   
 2   0.872093   0.872093  92.538760   1.841085   0.290698   0.096899   
 3   0.000000   0.297030   1.386139  95.445545   0.000000   1.089109   
 4   0.101833   0.203666   0.101833   0.000000  96.028513   0.000000   
 5   0.672646   0.336323   0.336323   4.484305   0.000000  89.798206   
 6   1.252610   0.104384   0.313152   0.000000   0.626305   0.208768   
 7   0.291829   1.361868   1.167315   2.334630   1.167315   0.000000   
 8   0.308008   0.616016   0.821355   0.924025   0.821355   1.745380   
 9   0.396432   0.495540   0.000000   1.090188   4.459861   0.495540   
 
            6          7          8          9  
 0   1.530612   0.816327   0.612245   0.102041  
 1   0.264317   0.088106   0.792952   0.000000  
 2   0.581395   1.453488   1.453488   0.000000  
 3   0.000000   0.990099   0.495050   0.297030  
 4   1.018330   0.305499   0.101833   2.138493  
 5   0.672646   0.000000   3.026906   0.672646  
 6  96.659708   0.000000   0.835073   0.000000  
 7   0.000000  90.758755   0.291829   2.626459  
 8   0.308008   1.026694  92.710472   0.718686  
 9   0.198216   1.387512   0.991080  90.485629  ,
            0          1          2          3          4          5  \
 0  95.000000   0.306122   1.632653   0.000000   0.204082   0.714286   
 1   0.528634  98.061674   0.264317   0.352423   0.000000   0.264317   
 2   1.065891   0.872093  93.217054   0.387597   0.193798   0.096899   
 3   0.000000   0.495050   3.069307  92.277228   0.000000   1.782178   
 4   0.203666   0.203666   0.305499   0.000000  91.751527   0.000000   
 5   0.224215   0.336323   0.560538   7.174888   0.112108  81.278027   
 6   1.565762   0.208768   0.104384   0.000000   0.626305   5.010438   
 7   0.291829   4.961089   3.210117   0.486381   1.459144   0.000000   
 8   0.410678   1.334702   1.540041   5.030801   0.924025   2.874743   
 9   0.396432   0.991080   1.883053   0.991080   6.144698   0.792864   
 
            6          7          8          9  
 0   1.938776   0.102041   0.102041   0.000000  
 1   0.088106   0.000000   0.440529   0.000000  
 2   0.387597   0.968992   1.453488   1.356589  
 3   0.198020   0.990099   0.990099   0.198020  
 4   1.832994   0.916497   1.018330   3.767821  
 5   2.017937   0.000000   8.183857   0.112108  
 6  92.379958   0.000000   0.000000   0.104384  
 7   0.000000  87.840467   0.389105   1.361868  
 8   0.205339   0.616016  85.626283   1.437372  
 9   0.198216   3.270565   1.982161  83.349851  ,
            0          1          2          3          4          5  \
 0  95.714286   0.000000   0.102041   0.000000   0.000000   0.000000   
 1   0.000000  83.524229  10.660793   0.176211   0.000000   0.000000   
 2   0.968992   0.290698  94.089147   0.193798   0.872093   0.000000   
 3   0.396040   1.287129   0.792079  91.386139   0.099010   1.683168   
 4   0.203666   0.000000   2.240326   0.101833  92.668024   0.000000   
 5   0.112108   0.224215   0.112108   1.793722   0.000000  92.600897   
 6   0.626305   0.104384   1.565762   0.000000   0.104384   2.400835   
 7   0.097276   0.389105   2.042802   0.194553   1.459144   0.000000   
 8   0.000000   0.205339   0.616016   0.718686   0.410678   1.642710   
 9   0.396432   0.198216   0.000000   1.585728   2.279485   0.891972   
 
            6          7          8          9  
 0   1.836735   0.306122   0.306122   1.734694  
 1   0.264317   0.264317   5.110132   0.000000  
 2   0.000000   0.872093   2.713178   0.000000  
 3   0.891089   1.089109   1.881188   0.495050  
 4   0.101833   0.509165   1.018330   3.156823  
 5   2.242152   0.224215   2.130045   0.560538  
 6  94.363257   0.626305   0.104384   0.104384  
 7   0.097276  92.996109   1.945525   0.778210  
 8   0.513347   0.308008  94.353183   1.232033  
 9   0.000000   1.883053   1.189296  91.575818  

            0          1          2          3          4          5  \
 0  97.653061   0.000000   0.408163   0.000000   0.000000   0.408163   
 1   0.000000  97.444934   0.440529   0.528634   0.000000   0.176211   
 2   0.968992   0.193798  93.992248   1.453488   0.000000   0.000000   
 3   0.099010   0.099010   1.188119  96.237624   0.099010   0.495050   
 4   0.203666   0.305499   0.101833   0.101833  95.010183   0.000000   
 5   0.672646   0.112108   0.224215   2.914798   0.112108  93.609865   
 6   0.730689   0.521921   0.208768   0.000000   1.148225   1.148225   
 7   0.583658   0.972763   0.972763   2.529183   0.583658   0.097276   
 8   0.513347   0.205339   0.308008   1.745380   0.718686   0.821355   
 9   0.792864   0.891972   0.099108   1.288404   1.982161   0.297324   
 
            6          7          8          9  
 0   0.612245   0.204082   0.408163   0.306122  
 1   0.088106   0.352423   0.969163   0.000000  
 2   0.581395   0.484496   2.034884   0.290698  
 3   0.000000   0.891089   0.792079   0.099010  
 4   1.323829   0.305499   0.203666   2.443992  
 5   0.784753   0.896861   0.560538   0.112108  
 6  95.198330   0.000000   1.043841   0.000000  
 7   0.000000  92.120623   0.486381   1.653696  
 8   1.334702   0.513347  92.915811   0.924025  
 9   0.000000   1.883053   0.396432  92.368682  ,
            0          1          2          3          4          5  \
 0  98.877551   0.306122   0.408163   0.000000   0.000000   0.000000   
 1   0.000000  96.387665   0.440529   0.616740   0.000000   0.088106   
 2   1.162791   0.290698  89.728682   0.290698   1.356589   0.000000   
 3   0.000000   0.198020   0.792079  94.851485   1.188119   1.485149   
 4   0.101833   0.000000   0.203666   0.305499  94.908350   0.000000   
 5   0.784753   1.457399   0.000000   2.690583   0.112108  91.143498   
 6   3.027140   0.104384   0.104384   0.104384   2.087683   0.104384   
 7   0.000000   0.680934   0.778210   1.653696   0.486381   0.000000   
 8   0.718686   0.513347   0.308008   0.000000   0.718686   0.000000   
 9   0.495540   0.792864   0.000000   0.297324   9.217047   0.891972   
 
            6          7          8          9  
 0   0.000000   0.102041   0.102041   0.204082  
 1   0.088106   0.000000   2.290749   0.088106  
 2   0.000000   2.713178   4.457364   0.000000  
 3   0.000000   0.396040   1.089109   0.000000  
 4   0.305499   1.832994   0.916497   1.425662  
 5   2.466368   0.112108   1.233184   0.000000  
 6  93.423800   0.000000   1.043841   0.000000  
 7   0.000000  92.996109   0.291829   3.112840  
 8   0.102669   0.513347  96.406571   0.718686  
 9   0.000000   0.991080   2.180377  85.133796  ,
            0          1          2          3          4          5  \
 0  98.775510   0.000000   0.204082   0.000000   0.000000   0.000000   
 1   0.088106  98.854626   0.264317   0.088106   0.088106   0.088106   
 2   0.290698   0.387597  96.705426   0.581395   0.096899   0.000000   
 3   0.000000   0.000000   0.297030  99.009901   0.000000   0.099010   
 4   0.000000   0.000000   0.000000   0.101833  99.185336   0.000000   
 5   0.000000   0.000000   0.000000   2.130045   0.000000  95.964126   
 6   0.208768   0.104384   0.208768   0.000000   0.313152   0.313152   
 7   0.000000   0.680934   0.389105   0.291829   0.389105   0.000000   
 8   0.513347   0.102669   0.102669   0.616016   0.205339   0.000000   
 9   0.000000   0.495540   0.099108   0.000000   0.693756   0.099108   
 
            6          7          8          9  
 0   0.510204   0.102041   0.306122   0.102041  
 1   0.088106   0.352423   0.088106   0.000000  
 2   0.290698   1.356589   0.096899   0.193798  
 3   0.000000   0.297030   0.198020   0.099010  
 4   0.101833   0.101833   0.000000   0.509165  
 5   0.784753   0.224215   0.672646   0.224215  
 6  98.643006   0.000000   0.208768   0.000000  
 7   0.000000  97.957198   0.194553   0.097276  
 8   0.308008   0.924025  96.509240   0.718686  
 9   0.000000   0.792864   0.198216  97.621407  ,
            0          1          2          3          4          5  \
 0  97.959184   0.000000   0.408163   0.000000   0.000000   0.000000   
 1   0.000000  98.590308   0.176211   0.176211   0.088106   0.088106   
 2   0.387597   0.290698  96.996124   0.290698   0.581395   0.096899   
 3   0.000000   0.099010   2.079208  95.247525   0.099010   0.594059   
 4   0.203666   0.203666   0.000000   0.101833  97.148676   0.000000   
 5   0.336323   0.000000   0.112108   1.681614   0.560538  94.955157   
 6   0.835073   0.417537   0.000000   0.104384   1.356994   0.208768   
 7   0.194553   1.361868   2.821012   0.389105   0.583658   0.097276   
 8   0.616016   0.308008   1.232033   0.205339   0.718686   0.924025   
 9   0.297324   0.297324   0.396432   0.594648   4.261645   0.594648   
 
            6          7          8          9  
 0   1.020408   0.102041   0.306122   0.204082  
 1   0.528634   0.000000   0.352423   0.000000  
 2   0.193798   0.775194   0.387597   0.000000  
 3   0.000000   0.495050   0.594059   0.792079  
 4   1.527495   0.101833   0.101833   0.610998  
 5   0.448430   0.112108   0.336323   1.457399  
 6  96.659708   0.000000   0.417537   0.000000  
 7   0.000000  92.801556   0.486381   1.264591  
 8   0.718686   0.718686  94.250513   0.308008  
 9   0.198216   0.991080   0.792864  91.575818  ,
            0          1          2          3          4          5  \
 0  97.448980   0.102041   0.204082   0.000000   0.204082   0.408163   
 1   0.000000  98.149780   0.528634   0.352423   0.000000   0.088106   
 2   0.968992   0.290698  95.930233   0.581395   0.290698   0.000000   
 3   0.099010   0.000000   0.990099  94.653465   0.000000   1.782178   
 4   1.731161   0.101833   0.000000   0.305499  91.344196   0.203666   
 5   0.560538   0.000000   0.112108   0.672646   0.000000  95.067265   
 6   1.878914   0.313152   0.000000   0.000000   0.313152   0.313152   
 7   0.000000   0.486381   2.042802   0.486381   0.194553   0.097276   
 8   1.129363   0.308008   1.026694   0.616016   0.616016   1.129363   
 9   1.090188   0.495540   0.000000   0.891972   1.684836   0.693756   
 
            6          7          8          9  
 0   0.612245   0.204082   0.306122   0.510204  
 1   0.264317   0.088106   0.440529   0.088106  
 2   0.290698   1.356589   0.290698   0.000000  
 3   0.000000   1.386139   0.693069   0.396040  
 4   0.712831   0.305499   0.509165   4.786151  
 5   0.896861   0.112108   0.896861   1.681614  
 6  95.407098   0.000000   1.774530   0.000000  
 7   0.000000  94.357977   0.291829   2.042802  
 8   0.616016   0.718686  93.223819   0.616016  
 9   0.000000   1.783944   0.891972  92.467790  )
